"","Date","T_mean","RH_mean","p_sum","s_sum","WS_mean"
"3",2018-07-15,23.7816666666667,23.7816666666667,5.334,7693.473,0.421583333333333
"4",2018-07-16,24.3133333333333,24.3133333333333,0,7640.163,0.497041666666667
"5",2018-07-17,23.7108333333333,23.7108333333333,0.762,7580.787,0.738458333333333
"6",2018-07-18,20.53375,20.53375,0,7521.644,0.633666666666667
"7",2018-07-19,21.6483333333333,21.6483333333333,0,7459.55,0.601583333333333
"8",2018-07-20,22.2604166666667,22.2604166666667,10.16,7395.57,0.940125
"9",2018-07-21,21.2795833333333,21.2795833333333,5.334,7328.06,0.816416666666667
"10",2018-07-22,19.5995833333333,19.5995833333333,7.366,7261.98,0.360916666666667
"11",2018-07-23,23.0508333333333,23.0508333333333,0,7190.55,0.472708333333333
"12",2018-07-24,23.21375,23.21375,3.556,7117.66,0.575125
"13",2018-07-25,21.5304166666667,21.5304166666667,6.858,7045.13,0.410375
"14",2018-07-26,22.1820833333333,22.1820833333333,0.508,6970.34,0.644416666666667
"15",2018-07-27,21.8691666666667,21.8691666666667,1.778,6890.91,0.754416666666667
"16",2018-07-28,20.5741666666667,20.5741666666667,0,6811.62,0.727916666666667
"17",2018-07-29,20.7379166666667,20.7379166666667,0,6731,0.5855
"18",2018-07-30,20.1845833333333,20.1845833333333,10.922,6646.53,0.55325
"19",2018-07-31,20.69875,20.69875,11.43,6560.02,0.583625
"20",2018-08-01,21.03875,21.03875,3.81,6472.37,0.709625
"21",2018-08-02,21.185,21.185,1.524,6385.39,0.33725
"22",2018-08-03,21.4825,21.4825,3.048,6291.97,0.395541666666667
"23",2018-08-04,22.7779166666667,22.7779166666667,0,6199.39,0.642375
"24",2018-08-05,24.445,24.445,0,6104.86,0.598875
"25",2018-08-06,25.1654166666667,25.1654166666667,0,6009.17,0.626166666666667
"26",2018-08-07,23.6695833333333,23.6695833333333,19.304,5912.11,0.514875
"27",2018-08-08,22.19375,22.19375,8.636,5812.21,0.742416666666667
"28",2018-08-09,23.2729166666667,23.2729166666667,0.254,5711.29,1.01125
"29",2018-08-10,22.0741666666667,22.0741666666667,11.176,5606.37,0.627125
"30",2018-08-11,21.32125,21.32125,0,5502.12,0.4835
"31",2018-08-12,21.6958333333333,21.6958333333333,0,5398.77,0.469083333333333
"32",2018-08-13,19.0645833333333,19.0645833333333,22.606,5290.41,0.564083333333333
"33",2018-08-14,18.9666666666667,18.9666666666667,5.588,5180.93,0.405041666666667
"34",2018-08-15,22.1254166666667,22.1254166666667,0,5070.76,0.598833333333333
"35",2018-08-16,22.7458333333333,22.7458333333333,15.24,4958.38,0.598541666666667
"36",2018-08-17,23.34125,23.34125,14.224,4844.504,0.948291666666667
"37",2018-08-18,21.7908333333333,21.7908333333333,5.842,4729.224,0.521791666666667
"38",2018-08-19,20.9116666666667,20.9116666666667,0,4613.04,0.447666666666667
"39",2018-08-20,22.8883333333333,22.8883333333333,0,4497.58,0.609041666666667
"40",2018-08-21,22.8766666666667,22.8766666666667,3.81,4378.02,0.874
"41",2018-08-22,20.2554166666667,20.2554166666667,2.286,4255.26,1.13533333333333
"42",2018-08-23,17.59375,17.59375,0,4136.31,0.657125
"43",2018-08-24,19.4783333333333,19.4783333333333,0,4013.58,0.584458333333333
"44",2018-08-25,20.0691666666667,20.0691666666667,0,3889.37,0.64825
"45",2018-08-26,21.42875,21.42875,2.032,3764.47,0.574333333333333
"46",2018-08-27,24.3679166666667,24.3679166666667,0,3639.2,0.541625
"47",2018-08-28,25.5629166666667,25.5629166666667,0,3512.15,0.625791666666667
"48",2018-08-29,25.21125,25.21125,7.366,3383.71,0.677375
"49",2018-08-30,23.10625,23.10625,11.684,3254.1,0.411416666666667
"50",2018-08-31,23.53375,23.53375,0,3124.3,0.502333333333333
"51",2018-09-01,23.0379166666667,23.0379166666667,0.762,2994.1,0.551916666666667
"52",2018-09-02,24.7,24.7,0,2859.4,0.532791666666667
"53",2018-09-03,26.1754166666667,26.1754166666667,0,2728.41,0.481083333333333
"54",2018-09-04,26.1279166666667,26.1279166666667,0,2594.1,0.372083333333333
"55",2018-09-05,26.2695833333333,26.2695833333333,0,2459.37,0.432666666666667
"56",2018-09-06,23.6408333333333,23.6408333333333,0.254,2325.33,0.431041666666667
"57",2018-09-07,22.0579166666667,22.0579166666667,3.556,2189.38,0.465
"58",2018-09-08,18.27375,18.27375,9.906,2052.91,1.061
"59",2018-09-09,13.7491666666667,13.7491666666667,63.5,1916.34,1.931125
"60",2018-09-10,17.145,17.145,27.94,1777.75,1.39120833333333
"61",2018-09-11,17.175,17.175,1.27,1638.25,0.32425
"62",2018-09-12,19.59875,19.59875,16.764,1499.94,0.482041666666667
"63",2018-09-13,23.525,23.525,0,1360.91,0.456208333333333
"64",2018-09-14,23.6025,23.6025,0,1218.57,0.6505
"65",2018-09-15,22.4904166666667,22.4904166666667,0,1078.38,0.686666666666667
